              precision    recall  f1-score   support

           0       0.87      0.72      0.79      1000
           1       0.99      0.96      0.98      1000
           2       0.81      0.74      0.77      1000
           3       0.85      0.89      0.87      1000
           4       0.73      0.86      0.79      1000
           5       0.93      0.97      0.95      1000
           6       0.66      0.69      0.67      1000
           7       0.94      0.92      0.93      1000
           8       0.97      0.97      0.97      1000
           9       0.95      0.95      0.95      1000

    accuracy                           0.87     10000
   macro avg       0.87      0.87      0.87     10000
weighted avg       0.87      0.87      0.87     10000
